t = 3*(26/11)^2+2*(10/11)^2 + 2*(10/11);